
Initial camera intrinsics #1:
K:
[763.6490416381404, 0, 516.5;
 0, 763.6490416381404, 290.5;
 0, 0, 1]
R:
[0.99943453, 0.0063861092, -0.012838628;
 -0.0094331056, 1.009791, 0.039585486;
 0.01087392, -0.0021387201, 0.99901652]
Initial camera intrinsics #2:
K:
[763.6490416381404, 0, 516.5;
 0, 763.6490416381404, 290.5;
 0, 0, 1]
R:
[0.99704057, 0.014022258, -0.0083669042;
 -0.0087305577, 0.99998313, 0.033402983;
 0.0060789636, -0.021555753, 0.99920833]
Initial camera intrinsics #3:
K:
[763.6490416381404, 0, 516.5;
 0, 763.6490416381404, 290.5;
 0, 0, 1]
R:
[0.99374127, 0.0091618523, -0.0065401429;
 -0.0046133897, 0.99402142, 0.022910714;
 0.0046537993, -0.027516868, 0.99950755]
Initial camera intrinsics #4:
K:
[763.6490416381404, 0, 516.5;
 0, 763.6490416381404, 290.5;
 0, 0, 1]
R:
[0.99053735, 0.01122158, -0.0072727348;
 -0.0021270318, 0.98566014, 0.017054172;
 0.0055241459, -0.047110297, 0.99978381]
Initial camera intrinsics #5:
K:
[763.6490416381404, 0, 516.5;
 0, 763.6490416381404, 290.5;
 0, 0, 1]
R:
[0.99399889, 0.011799761, -0.0045991684;
 -0.0013015263, 0.98973608, 0.011347346;
 0.0024125208, -0.036365561, 1]
Initial camera intrinsics #6:
K:
[763.6490416381404, 0, 516.5;
 0, 763.6490416381404, 290.5;
 0, 0, 1]
R:
[1, 0, 0;
 0, 1, 0;
 0, 0, 1]
Initial camera intrinsics #7:
K:
[763.6490416381404, 0, 516.5;
 0, 763.6490416381404, 290.5;
 0, 0, 1]
R:
[0.99911255, 0.0096409498, -0.0045885183;
 -0.00038716727, 0.99348205, -0.0072990563;
 0.00030666063, 0.010656999, 0.99992031]
Initial camera intrinsics #8:
K:
[763.6490416381404, 0, 516.5;
 0, 763.6490416381404, 290.5;
 0, 0, 1]
R:
[1.005873, 0.0074612582, 0.0047589992;
 0.013781653, 1.0045664, -0.034190111;
 -0.008445492, 0.068025954, 0.99864239]
Initial camera intrinsics #9:
K:
[763.6490416381404, 0, 516.5;
 0, 763.6490416381404, 290.5;
 0, 0, 1]
R:
[0.99142176, -0.017350385, 0.012845469;
 0.018457001, 1.0021192, -0.053654082;
 -0.011732254, 0.027863866, 0.99767262]
Initial camera intrinsics #10:
K:
[763.6490416381404, 0, 516.5;
 0, 763.6490416381404, 290.5;
 0, 0, 1]
R:
[1.0001073, -0.0072639408, 0.0052548721;
 0.020138741, 1.0188354, -0.059152935;
 -0.0069803647, 0.064356923, 0.99749428]
Initial camera intrinsics #11:
K:
[763.6490416381404, 0, 516.5;
 0, 763.6490416381404, 290.5;
 0, 0, 1]
R:
[1.0051664, -0.016308479, -0.00011220933;
 0.021581871, 1.0347664, -0.0585864;
 -0.00037021426, 0.081571132, 0.99673003]
Initial camera intrinsics #12:
K:
[763.6490416381404, 0, 516.5;
 0, 763.6490416381404, 290.5;
 0, 0, 1]
R:
[0.99834192, -0.011007966, -0.0030712797;
 0.024826361, 1.0238284, -0.049080335;
 -0.0010848523, 0.047489818, 0.99797988]
Initial camera intrinsics #13:
K:
[763.6490416381404, 0, 516.5;
 0, 763.6490416381404, 290.5;
 0, 0, 1]
R:
[1.0000051, -0.002635889, 0.0011476416;
 0.024204858, 1.0268193, -0.042988259;
 -0.0045166938, 0.048758689, 0.99824518]Camera #1:
K:
[747.5044572583632, 0, 516.5;
 0, 747.5044572583632, 290.5;
 0, 0, 1]
R:
[0.99986613, 0.0090733524, -0.013621951;
 -0.0084870802, 0.99906057, 0.042496491;
 0.013994739, -0.042375188, 0.99900371]Camera #2:
K:
[745.4743257217602, 0, 516.5;
 0, 745.4743257217602, 290.5;
 0, 0, 1]
R:
[0.99993223, 0.008823026, -0.0076070544;
 -0.0085517606, 0.99935126, 0.034983534;
 0.0079107797, -0.034916107, 0.99935889]Camera #3:
K:
[745.4040982862711, 0, 516.5;
 0, 745.4040982862711, 290.5;
 0, 0, 1]
R:
[0.99997276, 0.0045990543, -0.0057811085;
 -0.004460379, 0.99970734, 0.023775645;
 0.005888762, -0.02374921, 0.99970055]Camera #4:
K:
[743.4121115679678, 0, 516.5;
 0, 743.4121115679678, 290.5;
 0, 0, 1]
R:
[0.9999817, 0.0023641381, -0.0055753388;
 -0.0022715649, 0.99986035, 0.016552327;
 0.0056136926, -0.016539359, 0.99984741]Camera #5:
K:
[741.4437122195493, 0, 516.5;
 0, 741.4437122195493, 290.5;
 0, 0, 1]
R:
[0.99999589, 0.0014070618, -0.0025007543;
 -0.0013803559, 0.9999423, 0.01064899;
 0.0025155938, -0.010645494, 0.99994016]Camera #6:
K:
[741.577643089752, 0, 516.5;
 0, 741.577643089752, 290.5;
 0, 0, 1]
R:
[1, -1.6746071e-10, 0;
 -1.6746071e-10, 1, 0;
 0, -2.3283064e-10, 1]Camera #7:
K:
[742.2478738037515, 0, 516.5;
 0, 742.2478738037515, 290.5;
 0, 0, 1]
R:
[0.99999744, 0.00021168578, -0.002281707;
 -0.0002318246, 0.99996096, -0.0088297697;
 0.0022797487, 0.0088302745, 0.9999584]Camera #8:
K:
[742.9189018371169, 0, 516.5;
 0, 742.9189018371169, 290.5;
 0, 0, 1]
R:
[0.99987382, -0.012567397, 0.0097213276;
 0.012900087, 0.99930573, -0.034952685;
 -0.0092753135, 0.035073675, 0.99934167]Camera #9:
K:
[742.1233012819145, 0, 516.5;
 0, 742.1233012819145, 290.5;
 0, 0, 1]
R:
[0.99974978, -0.017942039, 0.013362756;
 0.018617794, 0.99845821, -0.052291576;
 -0.012403936, 0.052527271, 0.99854243]Camera #10:
K:
[742.1584119122073, 0, 516.5;
 0, 742.1584119122073, 290.5;
 0, 0, 1]
R:
[0.9997651, -0.019738836, 0.0089593958;
 0.020203678, 0.99827319, -0.055157576;
 -0.0078551788, 0.055325627, 0.9984374]Camera #11:
K:
[742.1104830136618, 0, 516.5;
 0, 742.1104830136618, 290.5;
 0, 0, 1]
R:
[0.99976438, -0.021669665, 0.0012961125;
 0.021707647, 0.99844068, -0.051428873;
 -0.00017964501, 0.051444884, 0.99867576]Camera #12:
K:
[742.2564071166521, 0, 516.5;
 0, 742.2564071166521, 290.5;
 0, 0, 1]
R:
[0.99968344, -0.02515089, 0.0007653535;
 0.025160372, 0.99873656, -0.043497976;
 0.00032962614, 0.04350346, 0.99905318]Camera #13:
K:
[742.471066293026, 0, 516.5;
 0, 742.471066293026, 290.5;
 0, 0, 1]
R:
[0.99969774, -0.02370454, 0.0065216841;
 0.023930537, 0.99902546, -0.037086107;
 -0.0056362189, 0.037230961, 0.99929076]